100000 1 1 1.2784e+00 9.5381e-01 1.2784e+00 9.5381e-01 
100000 2 1 2.5173e+00 4.7591e-01 1.2586e+00 2.3795e-01 
100000 4 1 4.9972e+00 3.7649e-01 1.2493e+00 9.4123e-02 
100000 8 1 9.0175e+00 3.5940e-01 1.1272e+00 4.4925e-02 
100000 14 1 1.5449e+01 4.6462e-01 1.1035e+00 3.3187e-02 
100000 20 1 2.1290e+01 4.1100e-01 1.0645e+00 2.0550e-02 
100000 28 1 2.4957e+01 2.9207e-01 8.9134e-01 1.0431e-02 
10000000 1 1 1.2679e+00 9.8294e-01 1.2679e+00 9.8294e-01 
10000000 2 1 2.5212e+00 4.6864e-01 1.2606e+00 2.3432e-01 
10000000 4 1 4.7493e+00 4.6042e-01 1.1873e+00 1.1511e-01 
10000000 8 1 8.5952e+00 6.4566e-01 1.0744e+00 8.0707e-02 
10000000 14 1 1.5514e+01 4.3144e-01 1.1081e+00 3.0817e-02 
10000000 20 1 2.1688e+01 4.0519e-01 1.0844e+00 2.0260e-02 
10000000 28 1 3.1603e+01 4.6600e-01 1.1287e+00 1.6643e-02 
1000000000 1 1 1.2490e+00 9.7323e-01 1.2490e+00 9.7323e-01 
1000000000 2 1 2.4366e+00 5.2163e-01 1.2183e+00 2.6081e-01 
1000000000 4 1 4.5956e+00 3.6711e-01 1.1489e+00 9.1777e-02 
1000000000 8 1 9.3002e+00 3.2497e-01 1.1625e+00 4.0622e-02 
1000000000 14 1 1.6304e+01 4.1667e-01 1.1646e+00 2.9762e-02 
1000000000 20 1 2.2221e+01 4.1489e-01 1.1110e+00 2.0745e-02 
1000000000 28 1 2.1350e+01 5.5325e-01 7.6251e-01 1.9759e-02 
