100 1 1 2.2616e-01 1.2367e-01 2.2616e-01 1.2367e-01 
100 2 1 5.8172e-02 1.9483e-02 2.9086e-02 9.7414e-03 
100 4 1 4.5806e-02 1.2715e-02 1.1452e-02 3.1788e-03 
100 8 1 2.8700e-02 8.8157e-03 3.5875e-03 1.1020e-03 
100 14 1 1.7125e-02 6.2408e-03 1.2232e-03 4.4577e-04 
100 20 1 1.4342e-02 5.5113e-03 7.1708e-04 2.7557e-04 
100 28 1 2.1373e-03 1.0527e-03 7.6331e-05 3.7595e-05 
1000 1 1 7.4643e-02 6.7869e-02 7.4643e-02 6.7869e-02 
1000 2 1 9.4712e-02 3.5996e-02 4.7356e-02 1.7998e-02 
1000 4 1 1.3680e-01 2.7694e-02 3.4199e-02 6.9236e-03 
1000 8 1 1.8987e-01 2.3953e-02 2.3734e-02 2.9941e-03 
1000 14 1 2.5691e-01 2.3123e-02 1.8351e-02 1.6517e-03 
1000 20 1 1.8789e-01 1.3438e-02 9.3945e-03 6.7190e-04 
1000 28 1 3.9424e-02 1.3908e-02 1.4080e-03 4.9672e-04 
10000 1 1 3.8681e-03 3.7389e-03 3.8681e-03 3.7389e-03 
10000 2 1 6.8629e-03 5.6626e-03 3.4314e-03 2.8313e-03 
10000 4 1 1.2866e-02 8.6307e-03 3.2165e-03 2.1577e-03 
10000 8 1 2.7229e-02 1.1963e-02 3.4037e-03 1.4953e-03 
10000 14 1 4.4033e-02 1.1053e-02 3.1452e-03 7.8948e-04 
10000 20 1 6.3430e-02 1.0444e-02 3.1715e-03 5.2219e-04 
10000 28 1 8.0425e-02 8.3826e-03 2.8723e-03 2.9938e-04 
