4468750000.00 45131250000.00
        16     6250000  0.078  2.580
9875000000.00 7218750000.00
        16     6250000  0.081  2.483
7437500000.00 29868750000.00
        16     6250000  0.079  2.547
7525000000.00 27912500000.00
        16     6250000  0.076  2.643
12906250000.00 12993750000.00
        32     3125000  0.060  3.323
3681250000.00 13365625000.00
        32     3125000  0.058  3.427
      0.00 15968750000.00
        32     3125000  0.058  3.433
7497915467.00 168749973.00
        48     2083333  0.055  3.663
93750000.00 1212500000.00
        64     1562500  0.051  3.956
3712500000.00 4265625000.00
        64     1562500  0.050  4.040
495000000.00 2050000000.00
        80     1250000  0.050  3.998
      0.00 4124997360.00
        96     1041666  0.052  3.835
4642856400.00 530357058.00
       112      892857  0.049  4.111
1631248956.00 268749828.00
       144      694444  0.047  4.215
116250000.00 4516875000.00
       160      625000  0.047  4.252
1921873770.00 481249692.00
       192      520833  0.047  4.296
88392744.00 767856160.00
       224      446428  0.047  4.238
2541176064.00 338235240.00
       272      367647  0.046  4.343
3001250000.00 820312500.00
       320      312500  0.043  4.627
537498624.00 359374080.00
       384      260416  0.044  4.551
12276770.00 1049998656.00
       448      223214  0.043  4.602
572724432.00 50189145.00
       528      189393  0.042  4.772
676921344.00 199839232.00
       624      160256  0.044  4.559
673366764.00 699997088.00
       736      135869  0.044  4.596
5671260.00 574996320.00
       864      115740  0.043  4.632
      0.00 166070844.00
      1008       99206  0.042  4.737
13249947.00 3333320.00
      1200       83333  0.042  4.742
229401060.00 164060820.00
      1408       71022  0.042  4.773
63106160.00 21237650.00
      1648       60679  0.053  3.743
9813880.00 122311936.00
      1936       51652  0.057  3.532
57954156.00 7648550.00
      2288       43706  0.056  3.578
106472124.00 63838632.00
      2688       37202  0.055  3.647
23032350.00 20843325.00
      3152       31725  0.054  3.729
110934802.00 45580788.00
      3712       26939  0.055  3.646
36602361.00 82717200.00
      4352       22977  0.056  3.565
79510701.00 18046644.00
      5120       19531  0.059  3.400
78090156.00 90008130.00
      6016       16622  0.055  3.649
16586220.00 12019000.00
      7072       14140  0.053  3.772
39208752.00 32585652.00
      8304       12042  0.053  3.777
4794660.00 12703800.00
      9760       10245  0.052  3.813
7112256.00  697280.00
     11472        8716  0.055  3.611
36427482.00 3617544.00
     13488        7413  0.073  2.727
13547698.00 1022706.00
     15840        6313  0.083  2.408
10823236.00 34995488.00
     18608        5374  0.088  2.279
5440680.00 1572768.00
     21872        4572  0.087  2.288
 817110.00 22116444.00
     25696        3891  0.087  2.290
19501056.00 12204720.00
     30192        3312  0.089  2.255
20265791.00 6709220.00
     35472        2819  0.086  2.329
3053927.00  623740.00
     41680        2399  0.088  2.273
11143860.00 9388600.00
     48976        2041  0.089  2.256
13347840.00 2165548.00
     57536        1738  0.086  2.333
 865215.00  733584.00
     67600        1479  0.087  2.299
3066924.00 4852186.00
     79424        1259  0.088  2.282
   8568.00  539784.00
     93312        1071  0.087  2.298
2549040.00  410400.00
    109632         912  0.085  2.354
1920600.00 2239536.00
    128816         776  0.086  2.333
3682800.00  178200.00
    151344         660  0.088  2.264
1783788.00 5285610.00
    177824         562  0.084  2.392
2935398.00 3269520.00
    208928         478  0.086  2.325
 156288.00 1699632.00
    245456         407  0.087  2.302
 341848.00 2983904.00
    288400         346  0.089  2.239
 756675.00 2310440.00
    338832         295  0.085  2.359
 237195.00  212346.00
    398096         251  0.087  2.310
1182150.00  107778.00
    467728         213  0.088  2.276
1096679.00   11946.00
    549536         181  0.085  2.331
 351120.00  289674.00
    645648         154  0.084  2.354
  80696.00       0.00
    758576         131  0.087  2.286
 103488.00  599760.00
    891248         112  0.092  2.171
 242440.00   62700.00
   1047120          95  0.088  2.263
  20655.00  221130.00
   1230256          81  0.135  1.478
 120888.00   57132.00
   1445424          69  0.206  0.969
 254736.00  216108.00
   1698240          58  0.256  0.770
  19500.00  231150.00
   1995248          50  0.293  0.681
  22050.00    6300.00
   2344224          42  0.293  0.672
 225216.00   32472.00
   2754224          36  0.294  0.674
 182400.00    2280.00
   3235936          30  0.297  0.654
  37128.00   41002.00
   3801888          26  0.286  0.692
  79420.00  170016.00
   4466832          22  0.296  0.663
  14440.00   77786.00
   5248064          19  0.295  0.675
  66992.00   64448.00
   6165936          16  0.306  0.644
  14807.00   97266.00
   7244352          13  0.289  0.652
  68552.00   83259.00
   8511376          11  0.293  0.639
   1560.00   32330.00
  10000000          10  0.299  0.668
