23925000000.00 23925000000.00
        16     6250000  0.085  2.358
   2244.00 1375000000.00
        16     6250000  0.087  2.303
1312500000.00 5400000000.00
        16     6250000  0.086  2.313
43937500000.00 22275000000.00
        16     6250000  0.085  2.358
8943750000.00 4000000000.00
        32     3125000  0.078  2.575
8296875000.00 8078125000.00
        32     3125000  0.081  2.467
9587500000.00 815625000.00
        32     3125000  0.077  2.592
4702082581.00 112499982.00
        48     2083333  0.076  2.639
3121875000.00 1035937500.00
        64     1562500  0.074  2.718
660937500.00 9396875000.00
        64     1562500  0.074  2.712
727500000.00 4772500000.00
        80     1250000  0.072  2.768
1049999328.00 268749828.00
        96     1041666  0.072  2.759
3587499426.00 3378570888.00
       112      892857  0.072  2.790
1624998960.00 24305540.00
       144      694444  0.071  2.829
550000000.00 560000000.00
       160      625000  0.070  2.850
716666208.00 601562115.00
       192      520833  0.069  2.898
377678088.00 976338036.00
       224      446428  0.066  3.032
608823432.00 1608087978.00
       272      367647  0.066  3.046
540312500.00 377187500.00
       320      312500  0.066  3.036
25781184.00 376301120.00
       384      260416  0.066  3.053
243749688.00 1339284000.00
       448      223214  0.066  3.043
209279265.00 1207380375.00
       528      189393  0.064  3.145
168909824.00 243428864.00
       624      160256  0.062  3.209
222009946.00 347824640.00
       736      135869  0.062  3.217
708328800.00 154165680.00
       864      115740  0.064  3.102
61110896.00 308332248.00
      1008       99206  0.070  2.860
12833282.00 21999912.00
      1200       83333  0.061  3.283
381814272.00 548858016.00
      1408       71022  0.060  3.348
200240700.00 186951999.00
      1648       60679  0.065  3.098
49999136.00 212599632.00
      1936       51652  0.064  3.130
21241116.00 21197410.00
      2288       43706  0.067  2.969
113094080.00 68191266.00
      2688       37202  0.066  3.009
9707850.00 20938500.00
      3152       31725  0.063  3.150
19261385.00 9051504.00
      3712       26939  0.062  3.251
4503492.00 100363536.00
      4352       22977  0.066  3.013
51210282.00 13476390.00
      5120       19531  0.078  2.566
15558192.00 82977024.00
      6016       16622  0.065  3.065
      0.00 41713000.00
      7072       14140  0.064  3.143
16690212.00 12896982.00
      8304       12042  0.066  3.026
45733680.00 55896720.00
      9760       10245  0.065  3.069
41000064.00 18843992.00
     11472        8716  0.067  2.972
35597226.00 11267760.00
     13488        7413  0.077  2.613
19488231.00  258833.00
     15840        6313  0.083  2.395
14445312.00 28218874.00
     18608        5374  0.090  2.229
10725912.00 6204204.00
     21872        4572  0.090  2.214
6085524.00 2101140.00
     25696        3891  0.089  2.241
1424160.00 21203424.00
     30192        3312  0.090  2.229
2920484.00  225520.00
     35472        2819  0.091  2.206
16692242.00 5604064.00
     41680        2399  0.094  2.137
2975778.00 5429060.00
     48976        2041  0.091  2.194
11109296.00       0.00
     57536        1738  0.091  2.191
8106399.00 1513017.00
     67600        1479  0.095  2.104
6862809.00  241728.00
     79424        1259  0.093  2.147
3822399.00 3462543.00
     93312        1071  0.093  2.154
3215712.00  689472.00
    109632         912  0.093  2.139
 837304.00 1768504.00
    128816         776  0.096  2.089
1900800.00 2033460.00
    151344         660  0.091  2.186
2448072.00       0.00
    177824         562  0.090  2.226
  87952.00  630960.00
    208928         478  0.092  2.175
 239316.00 1627593.00
    245456         407  0.097  2.056
 301366.00   24220.00
    288400         346  0.089  2.238
 554600.00  420670.00
    338832         295  0.089  2.251
  64005.00  733924.00
    398096         251  0.092  2.174
      0.00   44304.00
    467728         213  0.087  2.283
  95568.00   40725.00
    549536         181  0.089  2.228
 311696.00       0.00
    645648         154  0.089  2.224
 170300.00  933375.00
    758576         131  0.092  2.171
 256256.00  409696.00
    891248         112  0.103  1.937
  25080.00   53010.00
   1047120          95  0.105  1.899
 484218.00  156978.00
   1230256          81  0.162  1.229
 546273.00  251712.00
   1445424          69  0.242  0.824
 139026.00   49300.00
   1698240          58  0.261  0.756
 204000.00  140800.00
   1995248          50  0.286  0.698
  82656.00   77700.00
   2344224          42  0.288  0.683
 196560.00  143640.00
   2754224          36  0.300  0.661
  43200.00  157500.00
   3235936          30  0.296  0.655
   4368.00   62192.00
   3801888          26  0.297  0.665
  38346.00   77616.00
   4466832          22  0.298  0.660
  36708.00  133152.00
   5248064          19  0.303  0.659
  18432.00   24928.00
   6165936          16  0.308  0.640
      0.00   17797.00
   7244352          13  0.287  0.655
  13442.00   21560.00
   8511376          11  0.270  0.694
  25000.00       0.00
  10000000          10  0.298  0.670
