   2747.00 2018750000.00
        16     6250000  0.085  2.345
11250000000.00    1075.00
        16     6250000  0.085  2.351
38606250000.00 22425000000.00
        16     6250000  0.083  2.407
1800000000.00 10350000000.00
        16     6250000  0.083  2.401
   2002.00 26950000000.00
        32     3125000  0.078  2.580
468750000.00 5468750000.00
        32     3125000  0.077  2.593
11981250000.00 11275000000.00
        32     3125000  0.077  2.612
899999856.00 3324999468.00
        48     2083333  0.085  2.346
262500000.00 3815625000.00
        64     1562500  0.081  2.463
400000000.00 320312500.00
        64     1562500  0.081  2.465
2812500000.00 7881250000.00
        80     1250000  0.077  2.591
263541498.00 779166168.00
        96     1041666  0.078  2.566
2681249571.00 353571372.00
       112      892857  0.077  2.590
83333280.00 602777392.00
       144      694444  0.076  2.624
375000000.00 5757500000.00
       160      625000  0.076  2.644
33333312.00 973957710.00
       192      520833  0.073  2.756
1762497744.00 281249640.00
       224      446428  0.072  2.771
1614705624.00 312499950.00
       272      367647  0.074  2.711
1650000000.00 639375000.00
       320      312500  0.074  2.711
163801664.00 1949995008.00
       384      260416  0.071  2.800
939507726.00 446428000.00
       448      223214  0.069  2.893
66287550.00 608519709.00
       528      189393  0.068  2.923
662818816.00 43269120.00
       624      160256  0.070  2.871
981925263.00 385188615.00
       736      135869  0.070  2.848
190855260.00  347220.00
       864      115740  0.069  2.895
273213324.00 583331280.00
      1008       99206  0.070  2.875
33333200.00 89999640.00
      1200       83333  0.072  2.774
10937388.00 10866366.00
      1408       71022  0.072  2.774
171175459.00 402301770.00
      1648       60679  0.079  2.530
103200696.00 116526912.00
      1936       51652  0.079  2.539
188460272.00 288459600.00
      2288       43706  0.076  2.627
145571426.00 24106896.00
      2688       37202  0.078  2.572
      0.00 108372600.00
      3152       31725  0.079  2.533
111365826.00 37930112.00
      3712       26939  0.078  2.568
40439520.00 12131856.00
      4352       22977  0.084  2.371
119529720.00 45272858.00
      5120       19531  0.091  2.208
65523924.00 58492818.00
      6016       16622  0.078  2.552
5429760.00 12273520.00
      7072       14140  0.075  2.682
25143696.00 75960936.00
      8304       12042  0.078  2.571
2919825.00 14855250.00
      9760       10245  0.083  2.408
16778300.00 21572100.00
     11472        8716  0.082  2.447
4877754.00 31312512.00
     13488        7413  0.084  2.375
17171360.00 53887768.00
     15840        6313  0.094  2.134
1504720.00 3439360.00
     18608        5374  0.100  1.994
26042112.00 1755648.00
     21872        4572  0.100  1.995
 186768.00 1447452.00
     25696        3891  0.103  1.951
8634384.00 6862464.00
     30192        3312  0.101  1.988
18047238.00 4933250.00
     35472        2819  0.100  2.000
12508386.00 7393718.00
     41680        2399  0.101  1.982
15960620.00 9586577.00
     48976        2041  0.102  1.953
4671744.00  997612.00
     57536        1738  0.097  2.060
4271352.00 1884246.00
     67600        1479  0.099  2.015
 634536.00  684896.00
     79424        1259  0.100  2.001
2284443.00 6613425.00
     93312        1071  0.100  1.998
5121792.00  213408.00
    109632         912  0.098  2.039
 679776.00 2842488.00
    128816         776  0.101  1.987
  92400.00 1389960.00
    151344         660  0.100  1.997
 216370.00 1163340.00
    177824         562  0.099  2.017
1825004.00  983724.00
    208928         478  0.101  1.976
 747252.00  325600.00
    245456         407  0.106  1.879
 560520.00 2296056.00
    288400         346  0.101  1.977
  99120.00   84075.00
    338832         295  0.100  2.000
      0.00   39909.00
    398096         251  0.103  1.935
 545706.00       0.00
    467728         213  0.099  2.005
1288720.00  430418.00
    549536         181  0.099  2.001
  59136.00  683298.00
    645648         154  0.102  1.942
 756132.00  136764.00
    758576         131  0.103  1.924
 694960.00   16016.00
    891248         112  0.111  1.799
  79800.00  223820.00
   1047120          95  0.126  1.578
 259281.00  567567.00
   1230256          81  0.175  1.138
 486588.00    1380.00
   1445424          69  0.170  1.173
  74124.00  296496.00
   1698240          58  0.273  0.721
  57600.00       0.00
   1995248          50  0.279  0.716
 217854.00   68544.00
   2344224          42  0.297  0.663
   9936.00  140184.00
   2754224          36  0.296  0.670
  94500.00  101400.00
   3235936          30  0.286  0.678
  85956.00    8736.00
   3801888          26  0.291  0.680
   1100.00    1408.00
   4466832          22  0.283  0.694
 184338.00   49590.00
   5248064          19  0.293  0.681
  10944.00   50176.00
   6165936          16  0.290  0.681
    520.00   65962.00
   7244352          13  0.280  0.673
  40953.00   27808.00
   8511376          11  0.279  0.672
  47170.00   58960.00
  10000000          10  0.300  0.668
