14450000000.00 900000000.00
        16     6250000  0.052  3.863
12918750000.00 1443750000.00
        16     6250000  0.051  3.900
9187500000.00 1837500000.00
        16     6250000  0.051  3.897
13950000000.00    3190.00
        16     6250000  0.052  3.869
24703125000.00 618750000.00
        32     3125000  0.040  5.049
   6552.00 15671875000.00
        32     3125000  0.040  5.033
16687500000.00 5259375000.00
        32     3125000  0.040  5.043
29166662.00 1916666360.00
        48     2083333  0.039  5.110
2256250000.00 1157812500.00
        64     1562500  0.039  5.173
679687500.00 121875000.00
        64     1562500  0.039  5.175
7393750000.00 4777500000.00
        80     1250000  0.038  5.197
5390621550.00 237499848.00
        96     1041666  0.038  5.199
678571320.00 7274998836.00
       112      892857  0.038  5.207
31249980.00 49999968.00
       144      694444  0.038  5.202
145000000.00 703125000.00
       160      625000  0.038  5.234
93749940.00 2718748260.00
       192      520833  0.038  5.223
514285056.00 455356560.00
       224      446428  0.038  5.234
676470480.00 1428676242.00
       272      367647  0.040  4.963
464062500.00 2306250000.00
       320      312500  0.040  5.012
298957568.00 421092672.00
       384      260416  0.040  5.054
95312378.00 196874748.00
       448      223214  0.039  5.089
52272468.00 1079540100.00
       528      189393  0.039  5.118
512178176.00 288460800.00
       624      160256  0.039  5.140
377036475.00 202173072.00
       736      135869  0.039  5.164
815619780.00 45370080.00
       864      115740  0.039  5.178
69841024.00 176785092.00
      1008       99206  0.048  4.133
657997368.00 253332320.00
      1200       83333  0.038  5.205
49999488.00 25212810.00
      1408       71022  0.040  4.997
178699655.00 71176467.00
      1648       60679  0.053  3.745
39668736.00 221742036.00
      1936       51652  0.053  3.762
87324588.00 29720080.00
      2288       43706  0.053  3.804
114061332.00 62276148.00
      2688       37202  0.053  3.800
185781600.00 77694525.00
      3152       31725  0.053  3.808
78554124.00 206433557.00
      3712       26939  0.053  3.799
33822144.00 3860136.00
      4352       22977  0.053  3.743
45116610.00 34452684.00
      5120       19531  0.057  3.508
85453702.00 79586136.00
      6016       16622  0.053  3.776
33596640.00 57691200.00
      7072       14140  0.056  3.571
18713268.00 13318452.00
      8304       12042  0.057  3.534
35160840.00 6608025.00
      9760       10245  0.059  3.377
26086988.00 30436272.00
     11472        8716  0.064  3.141
      0.00 7828128.00
     13488        7413  0.066  3.014
8636184.00 5871090.00
     15840        6313  0.072  2.795
4627014.00 8168480.00
     18608        5374  0.077  2.603
7584948.00 23385780.00
     21872        4572  0.079  2.527
27065796.00 26201994.00
     25696        3891  0.079  2.531
10283760.00 7061184.00
     30192        3312  0.079  2.537
3957876.00 12093510.00
     35472        2819  0.079  2.535
 633336.00 9600798.00
     41680        2399  0.079  2.541
      0.00 3755440.00
     48976        2041  0.079  2.533
5964816.00  291984.00
     57536        1738  0.079  2.541
7060746.00 1987776.00
     67600        1479  0.079  2.536
1267813.00 6889248.00
     79424        1259  0.079  2.533
4030173.00 2955960.00
     93312        1071  0.079  2.532
 547200.00  875520.00
    109632         912  0.079  2.540
1621840.00 2469232.00
    128816         776  0.079  2.542
3076260.00 3519120.00
    151344         660  0.078  2.546
 907630.00 3515872.00
    177824         562  0.079  2.534
1520040.00 1807796.00
    208928         478  0.079  2.537
 134310.00   69190.00
    245456         407  0.079  2.542
 946656.00   37368.00
    288400         346  0.078  2.543
 355180.00  877625.00
    338832         295  0.078  2.547
1623468.00 1801176.00
    398096         251  0.078  2.547
  24921.00  715680.00
    467728         213  0.079  2.535
1114960.00  176475.00
    549536         181  0.078  2.537
 798490.00  184800.00
    645648         154  0.078  2.536
 779450.00   79910.00
    758576         131  0.078  2.548
   7392.00  680064.00
    891248         112  0.078  2.544
 365560.00  649800.00
   1047120          95  0.079  2.533
  89586.00    7695.00
   1230256          81  0.081  2.464
  78246.00  194097.00
   1445424          69  0.096  2.070
  77314.00  158224.00
   1698240          58  0.127  1.548
  79200.00  131600.00
   1995248          50  0.170  1.171
 198744.00  142296.00
   2344224          42  0.187  1.055
 107640.00  149400.00
   2754224          36  0.197  1.006
 105840.00     360.00
   3235936          30  0.207  0.938
  40248.00   51376.00
   3801888          26  0.219  0.901
   5610.00   88330.00
   4466832          22  0.228  0.863
  18848.00    3420.00
   5248064          19  0.234  0.853
  25344.00  119616.00
   6165936          16  0.241  0.820
  37583.00  102856.00
   7244352          13  0.234  0.807
  15521.00   13662.00
   8511376          11  0.238  0.786
  51300.00   27260.00
  10000000          10  0.257  0.778
