2000000000.00 46906250000.00
        16     6250000  0.074  2.712
      0.00       0.00
        16     6250000  0.072  2.764
23800000000.00 8750000000.00
        16     6250000  0.072  2.769
3300000000.00 17062500000.00
        16     6250000  0.073  2.756
16800000000.00 20118750000.00
        32     3125000  0.066  3.010
3468750000.00 1025000000.00
        32     3125000  0.066  3.011
15800000000.00 12631250000.00
        32     3125000  0.066  3.013
3929166038.00 12799997952.00
        48     2083333  0.074  2.720
593750000.00 773437500.00
        64     1562500  0.071  2.812
1734375000.00 326562500.00
        64     1562500  0.070  2.842
6500000000.00 4593750000.00
        80     1250000  0.069  2.909
3459372786.00 928124406.00
        96     1041666  0.067  2.973
464285640.00 3476785158.00
       112      892857  0.066  3.016
3473608888.00 1533332352.00
       144      694444  0.065  3.080
2782500000.00 2555625000.00
       160      625000  0.065  3.099
3051560547.00 1276040850.00
       192      520833  0.064  3.123
238392552.00 152678376.00
       224      446428  0.064  3.121
55147050.00 259191135.00
       272      367647  0.063  3.166
43750000.00 60937500.00
       320      312500  0.063  3.170
618488000.00 944268416.00
       384      260416  0.062  3.206
92410596.00 339285280.00
       448      223214  0.062  3.221
36363456.00 71022375.00
       528      189393  0.063  3.196
365383680.00 358332416.00
       624      160256  0.064  3.102
502443562.00 309373713.00
       736      135869  0.064  3.119
324650700.00 343747800.00
       864      115740  0.062  3.235
698410240.00 98213940.00
      1008       99206  0.061  3.257
203665852.00 358331900.00
      1200       83333  0.061  3.255
234372600.00 14204400.00
      1408       71022  0.062  3.229
      0.00 373782640.00
      1648       60679  0.068  2.925
34865100.00 65856300.00
      1936       51652  0.068  2.930
39160576.00 197813356.00
      2288       43706  0.068  2.928
46874520.00 9374904.00
      2688       37202  0.069  2.916
100504800.00 4853925.00
      3152       31725  0.068  2.929
141375872.00 43317912.00
      3712       26939  0.069  2.918
1424574.00 19300680.00
      4352       22977  0.073  2.734
33905816.00 19374752.00
      5120       19531  0.077  2.588
15558192.00 90290704.00
      6016       16622  0.069  2.908
9799020.00 59048640.00
      7072       14140  0.069  2.879
6069168.00 31429620.00
      8304       12042  0.070  2.843
9128295.00 11904690.00
      9760       10245  0.071  2.829
2719392.00  601404.00
     11472        8716  0.072  2.767
17791200.00 60015648.00
     13488        7413  0.074  2.719
10833108.00 12341915.00
     15840        6313  0.080  2.510
25870436.00 2676252.00
     18608        5374  0.087  2.310
3840480.00 5760720.00
     21872        4572  0.088  2.283
2439657.00 1583637.00
     25696        3891  0.090  2.233
23283360.00 5723136.00
     30192        3312  0.091  2.200
1505346.00  947184.00
     35472        2819  0.091  2.203
6851544.00 9380090.00
     41680        2399  0.090  2.212
  81640.00 7633340.00
     48976        2041  0.091  2.208
1746690.00   86900.00
     57536        1738  0.091  2.197
7193856.00  146421.00
     67600        1479  0.091  2.198
 637054.00  251800.00
     79424        1259  0.091  2.198
 824670.00 6767649.00
     93312        1071  0.091  2.208
 300960.00  539904.00
    109632         912  0.091  2.209
      0.00  360840.00
    128816         776  0.091  2.207
2577960.00  285120.00
    151344         660  0.091  2.207
2124360.00 1836054.00
    177824         562  0.090  2.212
1567840.00 2007600.00
    208928         478  0.090  2.214
1921040.00  112332.00
    245456         407  0.090  2.213
  27680.00  467100.00
    288400         346  0.090  2.224
 390285.00  669060.00
    338832         295  0.091  2.205
  64758.00  466860.00
    398096         251  0.090  2.217
 684369.00  146118.00
    467728         213  0.090  2.226
 204168.00  254124.00
    549536         181  0.089  2.228
      0.00  498806.00
    645648         154  0.089  2.226
 260952.00  592644.00
    758576         131  0.089  2.222
 849408.00  621600.00
    891248         112  0.090  2.227
 582540.00  111435.00
   1047120          95  0.089  2.230
  53136.00  109512.00
   1230256          81  0.090  2.222
  85698.00  172569.00
   1445424          69  0.102  1.949
 196504.00  224808.00
   1698240          58  0.131  1.504
 310400.00  295800.00
   1995248          50  0.170  1.176
  47376.00   36456.00
   2344224          42  0.185  1.066
 108360.00   34884.00
   2754224          36  0.195  1.017
  34410.00    7740.00
   3235936          30  0.207  0.937
 198276.00   32760.00
   3801888          26  0.221  0.895
  85888.00   19712.00
   4466832          22  0.229  0.859
      0.00   51262.00
   5248064          19  0.234  0.853
  74048.00    5760.00
   6165936          16  0.239  0.827
  39689.00   39104.00
   7244352          13  0.232  0.813
   8448.00     704.00
   8511376          11  0.231  0.809
  53680.00   39420.00
  10000000          10  0.247  0.811
