10237500000.00 7050000000.00
        16     6250000  0.052  3.867
3412500000.00 2100000000.00
        16     6250000  0.051  3.898
806250000.00 14343750000.00
        16     6250000  0.051  3.896
7350000000.00 12687500000.00
        16     6250000  0.051  3.897
1700000000.00 11406250000.00
        32     3125000  0.040  5.049
14218750000.00 18150000000.00
        32     3125000  0.040  5.049
28771875000.00 2625000000.00
        32     3125000  0.040  5.044
11549998152.00 366666608.00
        48     2083333  0.039  5.140
9000000000.00 3534375000.00
        64     1562500  0.039  5.180
2475000000.00 2582812500.00
        64     1562500  0.039  5.175
2212500000.00 6328750000.00
        80     1250000  0.039  5.164
283333152.00       0.00
        96     1041666  0.039  5.142
696428460.00 3029463801.00
       112      892857  0.040  5.032
1649998944.00 1597915644.00
       144      694444  0.038  5.211
487500000.00 918750000.00
       160      625000  0.038  5.224
1312499160.00 1814061339.00
       192      520833  0.038  5.236
261160380.00 2430800460.00
       224      446428  0.038  5.231
2902940712.00 41911758.00
       272      367647  0.040  4.979
203437500.00 120000000.00
       320      312500  0.040  5.002
353384512.00 269270144.00
       384      260416  0.040  5.059
578570688.00 29017820.00
       448      223214  0.039  5.091
570072930.00 1563628608.00
       528      189393  0.039  5.123
10096128.00 65384448.00
       624      160256  0.039  5.120
872822456.00 688855830.00
       736      135869  0.039  5.080
66666240.00 292012020.00
       864      115740  0.039  5.149
46428408.00 206249274.00
      1008       99206  0.048  4.140
33333200.00 250248999.00
      1200       83333  0.039  5.189
343462392.00 24715656.00
      1408       71022  0.040  4.993
174816199.00 3883456.00
      1648       60679  0.053  3.799
128096960.00 191370660.00
      1936       51652  0.053  3.778
100305270.00  305942.00
      2288       43706  0.053  3.809
17075718.00 106397720.00
      2688       37202  0.053  3.799
65797650.00 135402300.00
      3152       31725  0.052  3.816
3717582.00 28285950.00
      3712       26939  0.053  3.803
39106854.00 5514480.00
      4352       22977  0.054  3.727
3789014.00 27890268.00
      5120       19531  0.057  3.506
85104640.00 19015568.00
      6016       16622  0.052  3.821
44795520.00 8455720.00
      7072       14140  0.052  3.816
28539540.00 27142668.00
      8304       12042  0.053  3.802
1587975.00 2294880.00
      9760       10245  0.056  3.582
2527640.00 1673472.00
     11472        8716  0.059  3.371
36338526.00  993342.00
     13488        7413  0.065  3.082
24393432.00 2619895.00
     15840        6313  0.068  2.920
  96732.00 16132748.00
     18608        5374  0.076  2.615
7520940.00 7690104.00
     21872        4572  0.081  2.475
1198428.00 13867524.00
     25696        3891  0.082  2.434
14778144.00 4043952.00
     30192        3312  0.082  2.439
1167066.00 8970058.00
     35472        2819  0.082  2.429
1187505.00 3396984.00
     41680        2399  0.083  2.422
8376264.00  383708.00
     48976        2041  0.083  2.414
 742126.00 2690424.00
     57536        1738  0.082  2.425
8572284.00 8755680.00
     67600        1479  0.082  2.437
8898612.00  589212.00
     79424        1259  0.082  2.440
5622750.00 2456874.00
     93312        1071  0.082  2.440
 299136.00 3429120.00
    109632         912  0.081  2.458
 636320.00  282464.00
    128816         776  0.079  2.525
 356400.00 1415700.00
    151344         660  0.079  2.531
3979522.00 1580344.00
    177824         562  0.079  2.533
 100380.00  583160.00
    208928         478  0.079  2.532
1627593.00   74888.00
    245456         407  0.079  2.521
  68508.00   29064.00
    288400         346  0.079  2.518
 223905.00  521560.00
    338832         295  0.079  2.528
 257024.00  491960.00
    398096         251  0.079  2.531
 117363.00  211296.00
    467728         213  0.079  2.532
  67694.00  437115.00
    549536         181  0.079  2.526
 226688.00   84700.00
    645648         154  0.079  2.532
 321867.00  888966.00
    758576         131  0.079  2.530
  51968.00  611520.00
    891248         112  0.079  2.531
 313500.00  241490.00
   1047120          95  0.079  2.531
 199260.00  272727.00
   1230256          81  0.080  2.506
 418692.00   86250.00
   1445424          69  0.092  2.178
 493812.00   13224.00
   1698240          58  0.127  1.550
  75900.00   34000.00
   1995248          50  0.174  1.144
  24192.00   28728.00
   2344224          42  0.192  1.026
   9108.00  233064.00
   2754224          36  0.198  1.002
 133650.00   84480.00
   3235936          30  0.208  0.934
   9672.00   41496.00
   3801888          26  0.221  0.894
  21318.00   16940.00
   4466832          22  0.228  0.863
 134045.00    1444.00
   5248064          19  0.234  0.853
  28000.00   15680.00
   6165936          16  0.239  0.827
  33150.00   19110.00
   7244352          13  0.234  0.805
  30272.00    7040.00
   8511376          11  0.239  0.784
  23370.00    6380.00
  10000000          10  0.257  0.780
