     69.00 6056250000.00
        16     6250000  0.074  2.720
20212500000.00 4000000000.00
        16     6250000  0.073  2.721
   8272.00 10306250000.00
        16     6250000  0.074  2.721
   3953.00 27281250000.00
        16     6250000  0.074  2.712
984375000.00 22306250000.00
        32     3125000  0.048  4.124
12656250000.00 950000000.00
        32     3125000  0.048  4.130
12375000000.00      14.00
        32     3125000  0.048  4.129
4333332640.00 4156249335.00
        48     2083333  0.040  4.960
96875000.00 1087500000.00
        64     1562500  0.035  5.686
6195312500.00 2937500000.00
        64     1562500  0.035  5.681
2025000000.00 8295000000.00
        80     1250000  0.033  5.987
961457718.00 7441661904.00
        96     1041666  0.031  6.447
642857040.00 3549999432.00
       112      892857  0.030  6.619
1049999328.00 2306248524.00
       144      694444  0.028  7.043
150000000.00 812500000.00
       160      625000  0.028  7.201
618749604.00 2933331456.00
       192      520833  0.027  7.427
241071120.00 896873852.00
       224      446428  0.026  7.596
885293976.00 1067646888.00
       272      367647  0.026  7.732
1020000000.00 1594687500.00
       320      312500  0.025  7.924
1202340672.00 644529600.00
       384      260416  0.025  8.046
14732124.00 1807140544.00
       448      223214  0.025  8.141
14772654.00 1196584974.00
       528      189393  0.025  7.948
45192192.00 186217472.00
       624      160256  0.025  8.071
770377230.00 23777075.00
       736      135869  0.024  8.164
34027560.00 145137960.00
       864      115740  0.024  8.238
286804546.00 333332160.00
      1008       99206  0.034  5.937
481248075.00 576331028.00
      1200       83333  0.024  8.393
74573100.00 4119276.00
      1408       71022  0.027  7.401
19659996.00 307642530.00
      1648       60679  0.042  4.711
129956432.00 46486800.00
      1936       51652  0.044  4.560
47202480.00 28671136.00
      2288       43706  0.043  4.605
215027560.00 222467960.00
      2688       37202  0.042  4.813
126582750.00 54059400.00
      3152       31725  0.040  4.942
43641180.00 202581280.00
      3712       26939  0.041  4.882
7858134.00 52847100.00
      4352       22977  0.043  4.645
2421844.00       0.00
      5120       19531  0.042  4.749
11169984.00 86766840.00
      6016       16622  0.041  4.909
116867100.00 28506240.00
      7072       14140  0.041  4.890
19869300.00 2239812.00
      8304       12042  0.040  4.951
14138100.00 4589760.00
      9760       10245  0.044  4.592
23428608.00 3974496.00
     11472        8716  0.050  3.965
52039260.00 1779120.00
     13488        7413  0.055  3.651
11944196.00 32878104.00
     15840        6313  0.067  2.966
13091064.00 21377772.00
     18608        5374  0.070  2.855
   9144.00 24441912.00
     21872        4572  0.077  2.599
12081555.00 26404326.00
     25696        3891  0.076  2.637
1132704.00 10571904.00
     30192        3312  0.077  2.588
6190524.00 21728852.00
     35472        2819  0.077  2.585
 345456.00 9737541.00
     41680        2399  0.077  2.586
 342888.00       0.00
     48976        2041  0.077  2.587
1633720.00 1159246.00
     57536        1738  0.077  2.585
3593970.00 1158057.00
     67600        1479  0.077  2.587
1038675.00  103238.00
     79424        1259  0.077  2.587
2788884.00 4288284.00
     93312        1071  0.077  2.588
 880992.00  335616.00
    109632         912  0.077  2.587
1850760.00  699952.00
    128816         776  0.077  2.587
4930200.00 1873080.00
    151344         660  0.077  2.586
 542892.00 1557864.00
    177824         562  0.077  2.589
1871370.00 1078368.00
    208928         478  0.077  2.588
      0.00   86691.00
    245456         407  0.077  2.590
 207600.00 1419984.00
    288400         346  0.077  2.589
 896800.00 1565565.00
    338832         295  0.077  2.588
1504494.00  224143.00
    398096         251  0.077  2.589
 339948.00  136107.00
    467728         213  0.077  2.589
 169416.00  292677.00
    549536         181  0.077  2.589
1214290.00  163548.00
    645648         154  0.077  2.590
 220080.00  313352.00
    758576         131  0.077  2.591
 442400.00  894880.00
    891248         112  0.077  2.587
 484120.00  491625.00
   1047120          95  0.077  2.591
 462024.00  262440.00
   1230256          81  0.078  2.570
  36432.00   71484.00
   1445424          69  0.089  2.237
 279792.00    9048.00
   1698240          58  0.126  1.559
  25200.00   56700.00
   1995248          50  0.173  1.153
   5712.00  188328.00
   2344224          42  0.193  1.018
  34560.00  297540.00
   2754224          36  0.199  0.995
      0.00   10530.00
   3235936          30  0.211  0.922
   1300.00  109512.00
   3801888          26  0.226  0.876
 164164.00   23936.00
   4466832          22  0.230  0.856
   5776.00   11856.00
   5248064          19  0.235  0.848
  12528.00   22176.00
   6165936          16  0.241  0.819
  76544.00   22815.00
   7244352          13  0.234  0.804
  26554.00   49588.00
   8511376          11  0.242  0.773
   6650.00    8960.00
  10000000          10  0.259  0.773
