7006250000.00 13818750000.00
        16     6250000  0.074  2.706
13581250000.00 4125000000.00
        16     6250000  0.073  2.722
1093750000.00 15750000000.00
        16     6250000  0.073  2.722
25181250000.00 15018750000.00
        16     6250000  0.073  2.721
15468750000.00    3002.00
        32     3125000  0.048  4.125
7118750000.00 5246875000.00
        32     3125000  0.048  4.131
16362500000.00       0.00
        32     3125000  0.048  4.127
10158331708.00 19399996896.00
        48     2083333  0.040  4.966
4104687500.00 2650000000.00
        64     1562500  0.035  5.687
      0.00 2475000000.00
        64     1562500  0.035  5.684
5005000000.00 825000000.00
        80     1250000  0.033  6.029
8433327936.00 568749636.00
        96     1041666  0.031  6.447
4432142148.00 2452678179.00
       112      892857  0.030  6.630
3777775360.00 3777775360.00
       144      694444  0.028  7.045
765000000.00 525000000.00
       160      625000  0.028  7.191
257812335.00 286978983.00
       192      520833  0.027  7.431
870534600.00 19642832.00
       224      446428  0.026  7.601
1242646860.00 88235280.00
       272      367647  0.026  7.750
865312500.00 581250000.00
       320      312500  0.025  7.926
371092800.00 55468608.00
       384      260416  0.025  8.043
805802540.00 14062482.00
       448      223214  0.025  8.145
649807383.00 172915809.00
       528      189393  0.025  7.931
459934720.00 25640960.00
       624      160256  0.025  8.052
193069849.00 874317015.00
       736      135869  0.025  8.151
745134120.00 259720560.00
       864      115740  0.024  8.236
529363216.00 170832732.00
      1008       99206  0.034  5.936
580997676.00 4583315.00
      1200       83333  0.024  8.378
42258090.00 90339984.00
      1408       71022  0.027  7.328
365044864.00 74331775.00
      1648       60679  0.042  4.715
181763388.00 157693556.00
      1936       51652  0.044  4.550
221283478.00 142656384.00
      2288       43706  0.044  4.586
69642144.00 6696360.00
      2688       37202  0.042  4.775
28425600.00 46064700.00
      3152       31725  0.041  4.887
4714325.00 6573116.00
      3712       26939  0.041  4.883
23781195.00 20955024.00
      4352       22977  0.044  4.585
76073245.00 13320142.00
      5120       19531  0.046  4.325
105882140.00 5684724.00
      6016       16622  0.048  4.188
1272600.00 23670360.00
      7072       14140  0.057  3.524
38895660.00 39618180.00
      8304       12042  0.053  3.743
83332830.00 20961270.00
      9760       10245  0.057  3.504
17222816.00  775724.00
     11472        8716  0.062  3.203
38451231.00 29889216.00
     13488        7413  0.061  3.253
10555336.00 4646368.00
     15840        6313  0.066  3.036
12763250.00  188090.00
     18608        5374  0.074  2.712
7772400.00 4430268.00
     21872        4572  0.074  2.696
1984410.00 11906460.00
     25696        3891  0.076  2.645
8008416.00  347760.00
     30192        3312  0.077  2.587
17116968.00  887985.00
     35472        2819  0.077  2.585
5642448.00 12781872.00
     41680        2399  0.077  2.586
1612390.00 5657652.00
     48976        2041  0.077  2.581
3050190.00 11762784.00
     57536        1738  0.077  2.585
11709243.00 11567259.00
     67600        1479  0.077  2.589
1117992.00 3387969.00
     79424        1259  0.077  2.588
4588164.00       0.00
     93312        1071  0.077  2.588
 987696.00 2217984.00
    109632         912  0.077  2.581
      0.00 4258688.00
    128816         776  0.077  2.589
 291720.00 2550240.00
    151344         660  0.077  2.589
 422624.00 1331940.00
    177824         562  0.077  2.591
1043952.00  596544.00
    208928         478  0.077  2.592
 276760.00 2063490.00
    245456         407  0.077  2.591
1525860.00  249120.00
    288400         346  0.077  2.590
 814200.00  828360.00
    338832         295  0.077  2.592
  34638.00  273339.00
    398096         251  0.077  2.590
 795555.00  500550.00
    467728         213  0.077  2.589
 472410.00  258468.00
    549536         181  0.077  2.591
      0.00  883036.00
    645648         154  0.077  2.592
 730980.00  361560.00
    758576         131  0.077  2.591
 314496.00  376320.00
    891248         112  0.077  2.594
 452010.00    3800.00
   1047120          95  0.077  2.591
 172368.00  245916.00
   1230256          81  0.079  2.514
 367632.00   90804.00
   1445424          69  0.096  2.073
   3828.00    2262.00
   1698240          58  0.125  1.576
  92500.00  256500.00
   1995248          50  0.174  1.147
  36708.00   48216.00
   2344224          42  0.190  1.034
 310068.00    2268.00
   2754224          36  0.203  0.975
 208980.00  107160.00
   3235936          30  0.212  0.918
  12012.00   43654.00
   3801888          26  0.225  0.879
  45408.00  152064.00
   4466832          22  0.231  0.852
   8740.00    3040.00
   5248064          19  0.236  0.846
    320.00   50592.00
   6165936          16  0.240  0.822
  58682.00   77220.00
   7244352          13  0.235  0.800
  23485.00   52272.00
   8511376          11  0.241  0.776
  10880.00   23760.00
  10000000          10  0.260  0.770
