Weight set: 60 14 94 8 23 55 29 73 97 64 78 69 57 74 68 4 7 67 87 60 62 48 80 14 38 12 19 66 Total sum of weights: 1427 
Time 1 9.1074e+01
Weight set: 60 14 94 8 23 55 29 73 97 64 78 69 57 74 68 4 7 67 87 60 62 48 80 14 38 12 19 66 Total sum of weights: 1427 
Time 2 6.5491e+01
Weight set: 60 14 94 8 23 55 29 73 97 64 78 69 57 74 68 4 7 67 87 60 62 48 80 14 38 12 19 66 Total sum of weights: 1427 
Time 3 4.3866e+01
Weight set: 60 14 94 8 23 55 29 73 97 64 78 69 57 74 68 4 7 67 87 60 62 48 80 14 38 12 19 66 Total sum of weights: 1427 
Time 4 3.2607e+01
Weight set: 60 14 94 8 23 55 29 73 97 64 78 69 57 74 68 4 7 67 87 60 62 48 80 14 38 12 19 66 Total sum of weights: 1427 
Time 5 2.6029e+01
Weight set: 60 14 94 8 23 55 29 73 97 64 78 69 57 74 68 4 7 67 87 60 62 48 80 14 38 12 19 66 Total sum of weights: 1427 
Time 6 2.1945e+01
Weight set: 60 14 94 8 23 55 29 73 97 64 78 69 57 74 68 4 7 67 87 60 62 48 80 14 38 12 19 66 Total sum of weights: 1427 
Time 7 1.8960e+01
